Bed 15
colors  [(127, 127, 127), (208, 219, 24), (67, 55, 67), (123, 223, 103), (173, 47, 87), (193, 0, 79), (67, 63, 176), (10, 247, 138), (53, 65, 94), (30, 55, 180), (31, 39, 98), (188, 80, 53), (182, 54, 66), (201, 158, 226), (107, 22, 14)]
Bottle 9
colors  [(127, 127, 127), (255, 51, 241), (193, 170, 240), (57, 81, 24), (77, 102, 143), (45, 172, 228), (210, 231, 107), (142, 69, 60), (250, 30, 58)]
Chair 39
colors  [(127, 127, 127), (242, 165, 251), (190, 150, 137), (125, 60, 93), (62, 24, 86), (179, 73, 130), (135, 22, 155), (63, 71, 108), (202, 119, 132), (108, 105, 159), (4, 83, 129), (56, 140, 141), (244, 26, 245), (180, 214, 211), (41, 178, 100), (227, 228, 4), (132, 42, 91), (9, 47, 187), (165, 203, 67), (87, 208, 135), (81, 120, 49), (134, 173, 175), (11, 110, 193), (131, 41, 61), (231, 179, 14), (153, 78, 183), (113, 235, 199), (186, 82, 251), (116, 205, 80), (86, 192, 2), (159, 3, 121), (141, 146, 105), (176, 137, 222), (94, 101, 147), (231, 191, 226), (213, 232, 63), (77, 204, 181), (172, 49, 27), (146, 239, 56)]
Clock 11
colors  [(127, 127, 127), (234, 245, 113), (194, 79, 158), (199, 11, 176), (158, 45, 47), (86, 126, 167), (55, 143, 109), (242, 3, 38), (182, 40, 172), (29, 161, 18), (168, 72, 192)]
Dishwasher 7
colors  [(127, 127, 127), (11, 155, 162), (250, 209, 181), (142, 6, 202), (175, 209, 17), (125, 246, 72), (19, 38, 13)]
Display 4
colors  [(127, 127, 127), (83, 188, 30), (2, 160, 17), (243, 156, 53)]
Door 5
colors  [(127, 127, 127), (59, 127, 178), (234, 1, 232), (196, 77, 91), (42, 121, 219)]
Earphone 10
colors  [(127, 127, 127), (57, 106, 181), (228, 187, 78), (12, 188, 0), (45, 144, 13), (77, 20, 185), (48, 117, 204), (235, 41, 106), (54, 144, 131), (101, 74, 70)]
Faucet 12
colors  [(127, 127, 127), (108, 100, 212), (133, 190, 207), (106, 225, 138), (8, 180, 215), (234, 109, 246), (78, 209, 239), (160, 127, 188), (211, 226, 131), (168, 203, 105), (22, 180, 176), (125, 44, 180)]
Knife 10
colors  [(127, 127, 127), (187, 232, 36), (217, 135, 5), (233, 67, 71), (124, 24, 38), (241, 140, 214), (99, 244, 94), (63, 250, 226), (82, 20, 170), (249, 171, 84)]
Lamp 41
colors  [(127, 127, 127), (171, 54, 114), (67, 222, 237), (59, 206, 119), (129, 116, 76), (145, 159, 33), (16, 57, 58), (230, 56, 102), (69, 243, 170), (86, 249, 150), (48, 29, 0), (141, 170, 250), (68, 166, 183), (244, 160, 226), (249, 227, 147), (151, 231, 53), (79, 248, 196), (241, 113, 190), (218, 19, 50), (251, 69, 196), (28, 249, 163), (122, 113, 151), (113, 146, 253), (98, 126, 9), (115, 187, 176), (142, 141, 240), (254, 199, 21), (0, 97, 153), (20, 205, 182), (125, 161, 6), (54, 134, 165), (117, 215, 102), (35, 124, 122), (7, 22, 116), (144, 244, 186), (89, 173, 39), (167, 206, 107), (196, 70, 222), (58, 23, 51), (193, 105, 30), (165, 83, 121)]
Microwave 6
colors  [(127, 127, 127), (45, 80, 243), (75, 235, 152), (254, 17, 183), (53, 217, 17), (33, 19, 45)]
Refrigerator 7
colors  [(127, 127, 127), (233, 165, 229), (174, 136, 89), (50, 1, 173), (255, 195, 35), (29, 4, 16), (3, 118, 12)]
StorageFurniture 24
colors  [(127, 127, 127), (200, 45, 210), (80, 58, 109), (76, 95, 236), (87, 244, 67), (51, 232, 220), (250, 172, 223), (126, 163, 20), (92, 152, 138), (247, 251, 8), (9, 49, 217), (77, 218, 200), (252, 149, 158), (33, 7, 140), (176, 75, 245), (41, 230, 146), (23, 5, 93), (80, 91, 119), (31, 54, 92), (90, 2, 44), (59, 76, 245), (72, 228, 57), (90, 25, 127), (72, 99, 0)]
Table 51
colors  [(127, 127, 127), (126, 38, 232), (147, 194, 182), (96, 139, 220), (62, 119, 66), (230, 62, 144), (26, 165, 133), (235, 85, 179), (158, 193, 90), (93, 168, 34), (15, 241, 195), (152, 195, 94), (21, 55, 206), (209, 138, 182), (127, 20, 77), (15, 16, 212), (251, 233, 129), (149, 100, 14), (172, 119, 115), (121, 77, 33), (239, 0, 148), (65, 120, 168), (38, 142, 24), (201, 29, 221), (106, 73, 186), (148, 179, 28), (27, 215, 210), (180, 218, 210), (2, 174, 135), (117, 205, 222), (75, 98, 2), (12, 42, 63), (163, 219, 113), (96, 220, 130), (150, 180, 215), (18, 112, 145), (233, 252, 237), (2, 46, 218), (55, 164, 250), (48, 97, 221), (23, 82, 224), (162, 104, 74), (80, 109, 181), (180, 135, 30), (165, 12, 67), (243, 162, 156), (91, 175, 165), (87, 84, 82), (11, 19, 230), (111, 245, 145), (254, 167, 138)]
TrashCan 11
colors  [(127, 127, 127), (35, 42, 81), (204, 235, 117), (179, 75, 25), (225, 92, 194), (40, 66, 143), (85, 145, 108), (247, 24, 122), (47, 168, 11), (38, 154, 101), (81, 123, 236)]
Vase 6
colors  [(127, 127, 127), (84, 55, 116), (135, 183, 22), (163, 219, 55), (203, 161, 57), (78, 128, 87)]
